6236
6346
6947
10550
1058625
14756
23026
20433
26824
26538
30285
40157
34004
41549
39502
48628
48651
45986
58077
57815
56947
58162
55462
68565
65878
66174
65060
73827
70819
68262
75614
69427
78322
74158
71231
76762
79815
77498
77017
73268
78863
73461
76849
74293
74212
75522
70074
73673
68811
72728
70308
69496
68188
66556
67553
60940
63079
64496
58501
60777
54864
59755
56032
52270
53119
48561
53338
48732
47450
46799
44419
44346
40571
40768
40758
39118
37813
35504
35407
35622
31148
32982
30835
31106
29140
28029
28030
26414
26100
24710
23439
23719
23168
21909
20750
21090
19535
19938
18526
18436
18485
17268
17109
16065
16097
16275
14706
14991
14638
13954
13990
13347
13696
12898
12586
12451
12011
12350
11684
11492
11321
11182
11143
10568
10604
10534
10143
10108
9797
10272
9746
9620
9512
9158
9487
9019
8935
9127
8842
8913
8583
8690
8983
8414
8350
8293
8437
8096
8190
8176
8236
8114
7903
8009
7819
7889
7845
7698
7757
7373
7574
7400
7479
7436
7425
7325
7280
7467
7185
7209
7421
7165
7586
7130
7100
7123
7115
7063
6832
6983
7017
6888
7025
6858
6817
6977
7036
6848
6764
6852
6911
6903
6686
6947
6822
6662
6665
6928
6729
6906
6654
6833
6548
6824
6746
6597
6670
6638
6469
6544
6622
6713
6467
6663
6509
6580
6607
6512
6462
6418
6639
6476
6540
6557
6498
6365
6286
6535
6428
6443
6359
6585
6368
6657
6325
6454
6496
6410
6441
6370
6531
6326
6508
6521
6473
6299
6498
6298
6469
6500
6446
6295
6486
6268
6407
6440
