1942789
249091
280908
317771
363018
430225
479239
548761
627003
709346
789117
887199
904237
913629
878331
810074
715566
625866
499735
407611
333041
273977
229058
198649
163566
141306
123650
108083
94960
86727
75026
67231
61403
56206
51799
49844
45231
43524
41412
40101
39480
37304
36201
34633
33464
32757
32827
30905
29867
29483
28457
27675
27493
25762
25451
24599
23738
23292
23377
21813
21131
20596
19819
19351
19172
18042
17573
17239
16481
16045
15846
14894
14323
13511
13010
12892
12159
11540
10749
10444
10093
10055
8891
8617
8133
7713
7460
7331
6757
6498
6078
5733
5522
5459
4862
4581
4551
4119
3869
3889
3536
3331
3219
2882
2892
2734
2483
2310
2275
1980
1992
1815
1646
1648
1546
1479
1320
1294
1204
1137
1107
1044
989
1009
948
918
802
793
907
735
694
708
686
633
707
601
556
598
541
537
565
489
550
542
491
465
420
468
409
404
366
415
411
363
358
350
314
292
274
285
281
272
258
235
225
243
209
205
206
205
186
176
159
156
169
155
175
143
139
142
130
120
121
103
111
117
70
92
75
75
62
62
69
81
65
54
70
59
59
58
63
44
53
59
58
54
45
52
47
48
49
42
51
44
48
50
50
46
37
48
43
44
57
45
43
49
54
48
35
46
47
32
46
27
48
49
48
43
32
40
45
36
40
48
39
35
38
35
29
46
48
29
31
35
38
4805
